1
10
100
1000
103
109
129
13
130
133
139
167
176
188
19
190
192
193
203
208
219
226
23
230
236
239
262
263
28
280
291
293
301
302
31
310
313
319
32
320
326
329
331
338
356
362
365
367
368
376
379
383
386
391
392
397
404
409
44
440
446
464
469
478
487
49
490
496
536
556
563
565
566
608
617
622
623
632
635
637
638
644
649
653
655
656
665
671
673
68
680
683
694
7
70
700
709
716
736
739
748
761
763
784
79
790
793
802
806
818
82
820
833
836
847
86
860
863
874
881
888
899
901
904
907
91
910
912
913
921
923
931
932
937
94
940
946
964
97
970
973
989
998
